2011 01 04 00 32
2011 01 04 09 29
2011 01 04 16 11
2011 01 07 01 33
2011 01 07 08 04
2011 01 11 01 21
2011 01 13 03 56
2011 01 13 20 36
2011 01 19 13 40
2011 01 27 02 40
2011 01 27 13 15
2011 01 28 19 22
2011 02 05 02 29
2011 02 18 10 14
2011 02 18 22 24
2011 02 19 14 27
2011 02 19 18 50
2011 02 22 06 08
2011 02 22 13 35
2011 02 23 04 53
2011 02 26 07 23
2011 03 06 21 03
2011 03 11 06 35
2011 03 13 00 14
2011 03 13 06 18
2011 03 16 19 39
2011 03 21 17 02
2011 03 24 03 03
2011 03 25 10 24
2011 04 01 15 49
2011 04 04 21 15
2011 04 13 06 39
2011 04 13 18 56
2011 04 14 02 37
2011 04 14 23 58
2011 04 15 05 19
2011 04 23 14 24
2011 04 24 01 36
2011 04 26 15 41
2011 04 28 16 58
2011 05 06 20 29
2011 05 07 09 10
2011 05 15 16 57
2011 05 16 23 29
2011 05 18 14 17
2011 05 19 16 09
2011 05 27 17 00
2011 06 04 03 53
2011 06 08 23 47
2011 06 10 11 26
2011 06 11 19 18
2011 06 12 15 00
2011 06 27 00 42
2011 07 04 05 57
2011 07 06 05 43
2011 07 07 07 21
2011 07 10 09 54
2011 07 22 18 35
2011 07 25 09 49
2011 08 02 17 00
2011 08 03 10 36
2011 08 09 10 50
2011 08 12 19 13
2011 08 19 21 02
2011 08 23 13 49
2011 08 23 18 48
2011 08 25 02 16
2011 08 27 10 44
2011 09 07 02 22
2011 09 11 06 34
2011 09 12 01 50
2011 09 14 09 23
2011 09 21 07 02
2011 09 24 03 58
2011 10 01 07 28
2011 10 02 06 55
2011 10 03 10 45
2011 10 04 07 28
2011 10 11 21 14
2011 10 16 03 45
2011 10 16 12 39
2011 10 18 04 17
2011 10 20 07 45
2011 11 02 10 06
2011 11 06 10 21
2011 11 10 11 56
2011 11 11 06 37
2011 11 12 10 46
2011 11 15 16 49
2011 11 17 03 42
2011 11 17 07 02
2011 11 17 07 50
2011 11 21 13 15
2011 11 21 15 09
2011 12 01 01 25
2011 12 01 16 14
2011 12 03 08 50
2011 12 12 11 52
2011 12 14 05 08
2011 12 17 06 08
